#?RADIANCE
genskyvec -m 1
NROWS=146
NCOLS=1
NCOMP=3
FORMAT=ascii

5.05343637	5.285052	5.88514825
12.5453791	13.1203737	14.6101394
11.9968193	12.5466728	13.9712954
11.6938683	12.2298358	13.6184842
11.6270216	12.1599264	13.5406362
12.4568248	13.0277629	14.5070131
12.3456407	12.9114831	14.3775294
12.2578934	12.8197131	14.2753394
12.613167	13.1912696	14.6890836
13.5276838	14.1477025	15.7541137
11.5150029	12.0427719	13.4101794
12.8455116	13.4342648	14.9596706
11.8645376	12.4083271	13.8172412
11.9023617	12.4478849	13.8612922
12.2820184	12.8449446	14.3034362
11.7519387	12.2905692	13.6861125
12.5053056	13.0784654	14.5634706
11.1531889	11.6643765	12.9888179
12.4107496	12.9795765	14.4533531
12.5828525	13.1595654	14.6537806
11.7961256	12.3367816	13.7375728
12.83261	13.4207731	14.9446462
12.0108592	12.5613569	13.9876472
12.678108	13.2591876	14.7647131
12.4536325	13.0244225	14.503295
11.6901589	12.2259565	13.6141625
11.9651573	12.5135602	13.9344231
11.5296599	12.0581018	13.4272496
12.4461139	13.0165591	14.4945387
12.1096004	12.6646241	14.1026398
12.5441898	13.1191309	14.6087556
17.1735725	17.9606931	20.0000563
17.8974269	18.7177256	20.8430469
17.1773456	17.9646406	20.0044525
17.3962594	18.1935887	20.2593963
17.4514675	18.251325	20.3236894
17.8720587	18.6911944	20.8135019
17.2333631	18.023225	20.0696894
16.9386256	17.71498	19.7264419
17.1444256	17.9302106	19.9661138
18.2342763	19.0700131	21.2353337
17.8480375	18.6660713	20.7855256
17.8406262	18.6583219	20.7768975
17.2247106	18.014175	20.0596112
17.4594069	18.2596312	20.3329362
17.6358569	18.4441669	20.5384262
17.6593306	18.4687175	20.5657637
16.7938231	17.5635406	19.5578081
17.681185	18.4915731	20.5912138
17.580525	18.3862981	20.4739869
17.9127687	18.7337688	20.8609106
17.7191837	18.5313125	20.6354663
17.4236794	18.2222631	20.2913287
18.0193819	18.8452687	20.9850738
17.2478625	18.0383875	20.0865737
17.0345319	17.8152812	19.8381325
16.90159	17.6762469	19.68331
17.443905	18.2434188	20.3148812
17.2775406	18.0694269	20.1211356
17.5268375	18.3301512	20.4114637
17.2967013	18.0894675	20.1434525
21.6231412	22.6142013	25.1819519
22.13276	23.1471781	25.7754456
22.1452081	23.1601962	25.7899413
21.4290531	22.4112169	24.9559187
21.4717281	22.4558512	25.00562
21.3875681	22.3678281	24.9076056
21.4106288	22.3919475	24.9344625
21.3054912	22.2819919	24.8120219
21.9427156	22.9484237	25.5541231
21.5684288	22.5569825	25.118235
21.65545	22.6479888	25.219575
21.4048575	22.3859131	24.9277431
21.5468481	22.5344087	25.0930981
21.872275	22.8747544	25.4720894
21.6003187	22.5903331	25.1553737
21.4517394	22.4349431	24.98234
21.7941913	22.7930919	25.381155
21.0911025	22.0577788	24.5623488
21.5225287	22.5089762	25.0647787
22.0896619	23.1021044	25.7252537
21.56809	22.5566256	25.1178381
21.4534062	22.4366869	24.98428
22.0303388	23.0400613	25.6561656
21.6120481	22.6026	25.1690319
25.4989069	26.6676062	29.6956031
25.3638188	26.5263269	29.5382825
25.6769031	26.8537612	29.9028938
25.4444206	26.6106231	29.6321506
25.1403625	26.2926287	29.27805
25.2457219	26.4028156	29.4007494
25.3965475	26.5605544	29.5763969
25.1890006	26.3434956	29.3346919
25.4274812	26.5929075	29.6124231
25.2642075	26.42215	29.4222775
25.4071631	26.5716556	29.5887575
25.8210706	27.0045344	30.0707894
25.5136656	26.6830431	29.7127938
25.1740225	26.3278319	29.3172475
25.1086681	26.2594813	29.2411375
25.4650806	26.6322294	29.6562087
25.4533725	26.619985	29.6425737
25.3485425	26.51035	29.5204925
25.0698694	26.2189044	29.1959544
25.1494944	26.3021788	29.2886831
25.0722269	26.22137	29.1986994
24.9819856	26.1269919	29.0936044
25.2701337	26.4283475	29.4291775
24.9613894	26.1054519	29.06962
28.4349719	29.7382412	33.1148969
28.3669269	29.6670775	33.0356525
28.5846931	29.8948237	33.2892575
28.2206131	29.5140581	32.8652569
28.179265	29.4708137	32.817105
28.3635375	29.6635325	33.0317056
28.2516275	29.5464931	32.9013769
28.1822406	29.473925	32.8205694
28.3114406	29.6090475	32.9710331
28.1766569	29.4680869	32.8140656
28.6807456	29.9952787	33.4011194
28.2285563	29.5223631	32.8745075
28.0982412	29.3860762	32.722745
28.2735081	29.5693756	32.9268556
28.5511394	29.8597306	33.2501819
28.4585887	29.7629381	33.1423987
28.2174194	29.5107169	32.8615375
28.3086244	29.6061006	32.9677525
30.4200931	31.8143475	35.4267356
30.8008375	32.2125406	35.8701444
30.5030569	31.9011131	35.5233544
30.2893337	31.6775963	35.2744569
30.5740544	31.9753625	35.6060344
30.6399206	32.0442506	35.6827431
30.5004019	31.8983344	35.5202606
30.6068338	32.0096456	35.6442075
30.4547331	31.850575	35.4670763
30.5899719	31.9920113	35.6245756
30.3119519	31.7012494	35.3007963
30.7047337	32.1120319	35.7582231
31.9720725	33.4374581	37.2341444
32.09467	33.565675	37.3769194
32.0735912	33.5436331	37.3523738
31.9209363	33.38398	37.1745919
32.1154194	33.5873738	37.4010837
31.9480675	33.4123544	37.2061888
32.4213519	33.9073287	37.7573669
